71879   10528
89315   10686
12882   10753
85195   10836
55603   11156
26777   11497
48132   11603
23875   11765
81450   12273
75814   12534
89689   12805
14066   12887
72244   13084
48021   13137
70842   13159
53047   13284
59806   13284
65057   13284
59389   13284
23852   13284
80476   13284
36653   13284
88089   13284
67936   13284
81303   13284
91800   13284
41658   13284
22260   13284
49827   13284
31022   13284
84635   13284
65014   13284
89954   13284
69061   13284
99669   13325
40374   13431
58583   13431
86711   13431
76546   13431
62524   13431
79829   13431
49070   13431
64073   13431
55831   13431
28720   13431
97028   13431
36392   13431
17467   13431
35954   13431
35225   13575
94883   13575
29795   13575
47199   13575
78774   13575
81976   13575
22958   13575
82921   13575
51705   13575
77587   13575
94335   13575
29411   13575
10335   13575
77266   13575
83498   13575
28799   13575
59004   13575
88509   13575
26612   13575
66714   13864
37671   13897
42775   13961
11530   14094
63583   14222
47911   14241
37902   14331
96617   14382
99546   14556
25770   14916
22143   14916
63471   14916
68757   14916
17684   14916
91078   14916
87046   14916
44222   14916
10405   14916
48094   14916
45538   14916
37768   14916
97715   14916
42632   14916
22764   14916
91829   14916
83016   14916
92526   15134
33183   15153
84968   15198
65261   15228
41836   15262
95133   15262
15808   15511
40966   15981
95240   16049
89542   16187
62709   16215
29550   16633
52953   16639
36424   16768
62624   16768
59959   16768
90143   16768
74980   16768
83589   16768
43522   16768
99467   16768
36271   16768
58160   16768
96145   16768
63399   16768
46769   16885
62772   16890
49913   17088
57063   17118
16230   17299
96858   17299
50286   17299
41204   17299
71223   17299
60391   17299
55031   17299
75338   17299
76635   17299
79374   17299
97698   17299
32708   17299
26862   17299
70739   17299
23466   17299
84695   17299
17327   17309
30522   17599
51453   17849
29441   17880
44058   18000
50850   18024
33524   18156
20542   18205
25469   18254
40819   18317
94363   18325
43603   18973
66670   19012
27931   19111
55618   19388
55843   19650
67578   19687
34898   19758
30553   20135
33882   20182
96656   20261
80739   20405
56884   20462
19772   20557
55983   20574
15222   20848
35532   21026
27889   21234
98477   21613
11290   21632
65608   21723
76605   21967
58699   22228
41434   22280
40356   22369
54118   22482
59241   22568
56890   23054
81996   23054
63731   23054
29040   23054
25961   23054
81533   23054
82508   23054
76148   23054
56970   23054
60082   23054
57374   23054
58526   23054
68240   23054
34136   23054
48070   23054
10776   23054
58862   23200
46693   23383
92481   23651
96488   23720
32193   23798
81232   23902
95013   23975
61811   24081
32713   24189
69522   24241
77568   24365
43971   24451
76446   24595
68321   24649
16361   24737
34625   25112
33135   25114
21135   25456
23379   25467
87505   25772
49843   25804
67412   26112
56975   26225
72476   26272
94591   26288
12507   26391
12305   26436
97548   26634
15202   26716
36805   26938
10002   27220
60997   27431
98778   27568
79851   27599
50849   27716
16484   27791
40256   27805
41854   27907
50426   27946
61280   28505
70566   28673
70322   28732
38965   28783
63193   28900
86509   28934
75541   29541
54334   29670
12263   29681
52172   29681
50314   29681
97422   29681
87160   29681
92860   29681
14158   29681
28003   29681
79015   29681
15438   29681
33283   29681
83334   29681
46867   29681
68950   29904
80337   30227
58428   30760
94460   30815
64422   30851
37567   30968
78106   31125
30637   31173
99714   31653
90132   31672
49705   31727
56421   31746
74053   31819
19088   31955
53032   31988
60541   32436
29665   32846
34169   32959
88684   33301
85989   33349
20141   33683
40648   33892
66789   34079
39808   34091
65118   34203
35657   34340
53408   34371
64554   34585
19612   34764
51127   34897
92556   35200
67232   35375
53841   35488
56902   35541
77467   35575
37349   35639
49243   35658
51470   35694
62456   35753
26917   35753
53327   35753
42575   35753
86115   35753
88333   35753
79395   36014
54811   36357
35203   36593
51507   36666
54606   36671
19602   36987
66426   37716
17886   38271
77697   38394
37260   38582
41426   38747
33578   38935
82943   39849
91215   40070
39843   40105
28560   40280
43049   40408
29825   40467
51478   40724
57249   40786
61413   40822
39759   40921
28125   40953
66201   41337
55846   41799
82613   42340
29889   42477
62207   42508
12281   42665
69322   42820
45133   43008
26128   43083
91737   43091
11615   43109
58580   43167
21486   43277
24609   43406
40085   43526
49987   43592
29827   43603
12569   43603
43778   43603
61522   43603
16128   43603
35644   43603
50516   43603
81249   43603
90150   43603
62192   43603
97483   43603
88096   43603
97864   43603
67917   43603
11632   43603
68624   43603
12297   43603
96441   43603
61768   43603
13180   43603
10703   43632
43867   43722
13575   43778
83965   43978
36650   44019
71739   44215
56865   44266
60517   44646
95384   44667
20137   44731
92745   44773
82147   44804
66867   44981
63430   45001
10006   45084
42358   45118
81620   45156
50014   45156
23054   45156
16316   45156
55693   45156
94423   45156
55465   45279
40335   45290
58391   45699
63067   45758
95829   45758
49032   45758
59993   45758
62688   45758
99549   45758
75282   45758
92017   45758
91304   45758
80603   45758
66184   45758
25749   46116
93737   46194
40988   46249
19492   46293
94198   46293
84499   46293
16768   46293
21127   46293
38668   46293
63980   46293
13431   46293
78791   46293
52800   46293
67567   46867
94120   46867
21930   46867
13044   46867
37712   46867
82756   46867
25191   46867
32335   46867
93702   46875
86234   46898
43381   46913
17470   47295
59674   47405
18017   47405
79617   47405
35113   47405
99988   47405
29714   47405
98932   47405
92853   47405
68704   47565
97018   47932
79501   48002
58760   48017
96242   48343
16058   48454
70656   48543
99655   48595
16220   49027
76530   49287
86342   49453
77271   49843
17881   49843
32859   49938
45198   50172
10246   50548
45107   50570
71379   50689
81943   50854
36780   50859
21780   50888
51111   51072
35390   51119
15843   51151
83043   51275
61980   51275
52976   51470
73382   51470
92711   51470
53260   51470
29611   51470
88201   51470
12950   51470
65885   51516
46004   51534
92084   51692
97254   51941
56755   52197
29214   52239
71564   52518
47266   52620
95935   52745
13284   52896
76493   52966
47204   53486
14385   53532
27751   54143
43554   54178
22828   54359
31524   54464
82717   54552
15753   54646
16051   55031
52667   55031
15611   55031
95535   55031
43433   55031
29562   55031
17261   55031
29227   55031
71861   55031
87499   55031
16078   55031
21643   55031
39685   55155
41534   55700
12545   55980
73097   56013
51800   56078
15593   56206
94041   56294
65598   56325
54839   56505
85762   56515
25967   56557
19110   56571
