96980   56609
81479   56819
77889   56829
70001   56892
54482   57089
40291   57328
18669   57530
68054   57606
78274   57844
91359   58182
49543   58198
45934   58213
24953   58343
94492   58590
45294   58994
51583   59242
42783   59243
96431   59346
39295   59394
66014   59518
24554   59847
16566   59892
59401   59921
59395   59921
83243   59921
32611   59921
22891   59921
23903   59921
44506   59921
20805   59921
43007   59992
13302   60048
42372   60225
19403   60496
24923   60526
47405   60585
43828   60702
94121   60848
20614   60848
18272   60848
79769   60848
61686   60848
27828   60848
47537   60848
53871   60848
51976   60848
88843   60854
39258   60854
59662   60854
10622   60854
23004   60854
20893   60991
82728   61150
26500   61450
73577   61502
88625   61556
22440   61796
24435   61844
31461   62239
81857   62305
92804   62365
15572   62595
58149   62768
60271   62795
13663   62808
82865   62922
79555   63244
27845   63254
16447   63367
63392   63630
45156   63696
75889   63849
66553   64129
87918   64137
77675   64144
35995   64599
86156   64724
33084   64836
83847   64836
70751   64836
96538   64836
61228   64836
48547   64836
80718   64836
75839   64836
73704   64836
56286   64836
55138   64836
42079   64836
77088   64836
10787   64836
34338   64836
73447   64896
26287   64963
66603   64971
16265   64992
65056   65110
33019   65117
76552   65255
87607   65255
92908   65255
84801   65255
97989   65255
15283   65255
63672   65255
21812   65255
21290   65255
24372   65255
21511   65255
17916   65255
21811   65255
68390   65255
90318   65645
53906   65866
71094   66024
39895   66100
81027   66508
57299   67053
13968   67491
49672   67563
31946   67583
16921   67801
59921   67830
25531   68032
19466   68123
41762   68244
77811   68285
88626   68373
55992   68759
80092   68967
54682   68981
27972   69030
38197   69071
54617   69071
95374   69071
56076   69071
61028   69071
10739   69071
75024   69180
23136   69263
51041   69435
52089   69521
58439   69764
10272   69791
11803   69829
85462   69833
45204   69926
50371   69943
65624   70034
61814   70068
64997   70247
41613   70247
96291   70247
28019   70247
33282   70247
70366   70247
65978   70247
90544   70247
53067   70247
82055   70247
37801   70247
65421   70247
48817   70247
99723   70247
22055   70247
55534   70247
65919   70247
35921   70247
41319   70247
95603   70593
63419   70636
27935   71093
93925   71162
76494   71247
91705   71361
36008   71553
34855   71849
91264   72109
32251   72477
44978   72496
98617   72612
42518   72738
11146   72825
35212   73008
69071   73076
97321   73090
10894   73112
65255   73346
59415   73413
28545   73762
36171   73797
54817   73805
58491   73903
14367   74187
26170   74493
45758   74544
15262   74605
88224   74894
16756   75144
95399   75289
90738   75302
88128   75447
66651   75494
47652   75587
88992   75593
24824   75634
73226   75691
90326   76422
12025   76644
24206   76815
71662   77019
51545   77019
61998   77019
51615   77019
17302   77019
66461   77019
26294   77019
76426   77019
51275   77019
95511   77019
63092   77019
16449   77019
32782   77019
52352   77019
15712   77019
45021   77019
64836   77139
77114   77385
64698   77416
61697   77864
58057   77878
25618   78048
76966   78245
26871   78248
43597   78281
32081   78421
48459   78588
70650   78635
45418   78893
19007   78906
10254   78936
91540   78975
44897   79242
31417   79377
76765   79391
71150   79399
45142   79564
34979   79658
92197   79829
64998   79829
44732   79829
14687   79829
98471   80000
21313   80071
83198   80333
15339   80450
92561   80709
31788   80735
35640   80932
27073   81077
73835   81176
39225   81310
52388   81391
71622   81450
63746   81450
37556   81450
96914   81450
85220   81450
87613   81450
97487   81450
79976   81450
46625   81450
37481   81450
66042   81450
79679   81450
32065   81450
29681   81450
17299   81450
48321   81450
13953   81450
72435   81607
73079   81694
75996   81752
49557   81901
23880   81943
13910   81943
41459   81943
46198   81943
55847   81943
15814   81943
45012   81943
11126   81943
93950   81943
10925   81943
76356   81943
68670   81943
40863   81976
87002   81976
40308   81976
52097   81976
77019   81976
65316   81976
56279   81976
68919   81976
24842   81976
93877   81976
21150   81976
84399   81976
12361   81976
70342   81976
72118   81976
59765   81976
35209   81976
57703   82014
93858   82015
91310   82114
48481   82123
94558   82318
52548   82748
40351   82954
30499   83141
69726   83158
13731   83298
27063   83357
94024   83359
82315   83417
16984   83584
36280   83692
77288   83737
51830   83830
66453   83959
89908   84016
35158   84040
88430   84124
13543   84125
12662   84719
35753   85115
84038   85175
33024   85311
70888   85369
37590   85421
90197   85585
92576   85933
90991   86313
32017   86368
90430   86513
44937   87174
28936   87183
47133   87320
87150   87399
25558   87504
19636   87817
11274   88022
46285   88410
93549   88660
26345   88825
90443   88931
64010   89156
84890   89326
14035   89514
32665   89542
39670   89542
18319   89542
54517   89542
73968   89542
73318   89542
13474   89542
39340   89542
34229   89542
40175   89542
48961   89542
49181   89542
25532   89542
97337   89542
54453   89542
78015   89542
43489   89542
26755   89542
52378   90132
15961   90132
98633   90132
92917   90132
75736   90132
25898   90132
71896   90132
72534   90132
67283   90132
60848   90132
45798   90132
44324   90132
17571   90132
32091   90159
70620   90199
44320   90492
77801   90810
39855   90825
57260   91182
13925   91184
46476   91257
74746   91359
14898   91359
16085   91359
14916   91359
37827   91359
35321   91359
32979   91359
97663   91359
45792   91359
32440   91359
81860   91508
90703   91620
56782   91820
70247   91908
61775   92631
46069   92788
80545   92826
73168   92972
65626   93032
58720   93232
71969   93265
21325   93477
42362   93709
60939   93730
63395   93834
47491   93916
39850   94024
83479   94024
31830   94024
41863   94024
96866   94024
62253   94024
71371   94024
19146   94024
12016   94024
91613   94024
33406   94024
25173   94024
43735   94024
82774   94024
32772   94024
85756   94197
31014   94197
97596   94197
98341   94382
53884   94498
36766   95060
59882   95399
96430   95399
53224   95399
23519   95399
93138   95399
11939   95399
82925   95399
30569   95399
87181   95399
49862   95399
87424   95399
61032   95399
35695   95399
46293   95695
57832   95779
74042   95825
79468   95847
51935   95924
16691   96423
94197   96436
55973   96548
84246   97100
16957   97215
75922   97390
48209   97422
57938   97422
91491   97422
56843   97422
45878   97422
11378   97422
68672   97422
55314   97422
65459   97422
64842   97422
60854   97422
17520   97422
70869   97422
84383   97422
69474   97422
27322   97674
57491   98108
66794   98207
24964   98661
61348   98676
17767   98815
82980   98849
55277   98966
40967   99041
16359   99341
34841   99387
82806   99520
41062   99758
68911   99772
54502   99896
